3.79869925382e-05
5.69804888073e-06
1.13960977615e-05
3.41882951034e-05
6.83765902068e-05
7.02759352862e-05
0.000113960981253
9.49674795265e-05
0.000415957561927
0.000343782303389
0.000695161987096
0.0013219473185
0.00238178437576
0.00398483546451
0.00605512689799
0.00858695991337
0.0115746371448
0.015266972594
0.0178880747408
0.0207333005965
0.0229118540883
0.0252594519407
0.0260058958083
0.0271094180644
0.0282566249371
0.0296317543834
0.0303478091955
0.0305643342435
0.0310961529613
0.0311569310725
0.0308967214078
0.0313259735703
0.0313601605594
0.030860632658
0.0305225495249
0.0299242548645
0.0284807477146
0.0274532008916
0.0266801640391
0.0255861394107
0.023529144004
0.0217475537211
0.0197019539773
0.0178880747408
0.0164274759591
0.0142793105915
0.013377119787
0.0128718931228
0.0125300092623
0.0125319091603
0.0124749289826
0.0125167146325
0.0122014218941
0.0122052207589
0.0125262113288
0.0122944908217
0.0121558373794
0.0124008543789
0.0115860328078
0.0106895398349
0.00954613182694
0.0082906614989
0.00675028888509
0.00545113347471
0.00438559846953
0.00375691358931
0.00316431652755
0.00234759622253
0.00152707716916
0.00110542145558
0.000866103451699
0.000579301675316
0.000328587484546
0.000260210916167
0.000214626517845
0.000155746674864
7.97726825112e-05
6.83765902068e-05
4.74837397633e-05
2.27921955229e-05
